05/28/2012 21:03:41,0.5653,303841.9529,-406.2003,-699.1606,0.0000,1095.2258,59.5226,139.1407,0
05/28/2012 21:04:14,0.5736,309256.7300,-406.8245,-700.2841,0.0000,1085.7742,58.5774,137.4393,0
05/28/2012 21:04:47,0.5792,312906.1106,-407.2414,-701.0346,0.0000,1083.9354,58.3935,137.1084,0
05/28/2012 21:06:03,0.5841,316124.8968,124.5266,256.1478,0.0000,1085.2258,58.5226,137.3407,0
05/28/2012 21:06:36,0.5951,323431.2171,120.1023,248.1841,0.0000,1079.6129,57.9613,136.3303,0
05/28/2012 21:07:09,1.0496,685660.0845,9.4241,48.9634,0.0000,929.3549,42.9355,109.2839,0
05/28/2012 21:07:42,1.6723,1510202.2845,-61.7622,-79.1719,0.0000,760.0645,26.0065,78.8116,0
05/28/2012 21:08:14,1.9149,2032282.3208,-81.5673,-114.8212,0.0000,671.2903,17.1290,62.8323,0
05/28/2012 21:08:47,1.9688,2174098.3407,-85.6740,-122.2131,0.0000,618.5161,11.8516,53.3329,0
05/28/2012 21:09:20,2.0402,2380689.7990,-90.9940,-131.7892,0.0000,589.6451,8.9645,48.1361,0
05/28/2012 21:10:31,2.1141,2620664.3272,10.1925,50.3465,0.0000,574.0323,7.4032,45.3258,0
05/28/2012 21:11:07,2.1511,2752406.0000,9.0356,48.2640,86.0000,582.7419,8.2742,46.8936,0
05/28/2012 21:11:40,2.1706,2825250.2440,8.4230,47.1613,230.0000,581.0968,8.1097,46.5974,1
05/28/2012 21:12:13,2.1811,2865495.7721,8.0923,46.5661,230.0000,591.6774,9.1677,48.5019,1
05/28/2012 21:12:46,2.1464,2735050.1105,9.1843,48.5317,230.0000,591.3549,9.1355,48.4439,1
05/28/2012 21:13:19,2.1566,2772777.3097,8.8624,47.9523,230.0000,594.8710,9.4871,49.0768,1
05/28/2012 21:13:52,2.1707,2825740.7620,8.4189,47.1540,230.0000,599.1290,9.9129,49.8432,1
05/28/2012 21:14:24,2.1416,2717602.8552,9.3349,48.8028,230.0000,613.5161,11.3516,52.4329,1
05/28/2012 21:14:57,2.1089,2602717.0398,10.3553,50.6395,230.0000,627.8710,12.7871,55.0168,1
05/28/2012 21:15:30,2.0612,2445764.2070,11.8367,53.3061,230.0000,642.7742,14.2774,57.6993,1
05/28/2012 21:16:03,2.0178,2313455.6340,13.1735,55.7123,230.0000,658.2258,15.8226,60.4807,1
05/28/2012 21:16:36,1.9255,2059242.1642,16.0094,60.8169,230.0000,661.2581,16.1258,61.0265,1
05/28/2012 21:17:09,1.8869,1962885.9252,17.1921,62.9457,230.0000,672.9032,17.2903,63.1226,1
05/28/2012 21:17:41,1.8554,1887917.8051,18.1598,64.6876,230.0000,677.2258,17.7226,63.9007,1
05/28/2012 21:18:14,1.8344,1839877.8692,18.8036,65.8464,230.0000,691.9677,19.1968,66.5542,1
05/28/2012 21:18:47,1.7998,1763513.1836,19.8682,67.7628,230.0000,699.0323,19.9032,67.8258,1
05/28/2012 21:19:20,1.7632,1686611.9289,20.9958,69.7924,230.0000,707.2258,20.7226,69.3007,1
05/28/2012 21:19:53,1.7233,1606597.4500,22.2341,72.0215,230.0000,722.7419,22.2742,72.0936,1
05/28/2012 21:20:26,1.6861,1535816.5834,23.3909,74.1036,230.0000,734.3226,23.4323,74.1781,1
05/28/2012 21:20:59,1.6500,1469942.4670,24.5245,76.1440,230.0000,746.1290,24.6129,76.3032,1
05/28/2012 21:21:31,1.6113,1402552.5242,25.7470,78.3445,230.0000,752.1935,25.2194,77.3948,1
05/28/2012 21:22:04,1.5745,1341385.3377,26.9172,80.4510,230.0000,760.1935,26.0194,78.8348,1
05/28/2012 21:22:37,1.5319,1273678.1304,28.2874,82.9172,230.0000,770.8387,27.0839,80.7510,1
05/28/2012 21:23:10,1.4940,1215998.5588,29.5232,85.1418,230.0000,785.2903,28.5290,83.3523,1
05/28/2012 21:23:43,1.4601,1166505.4650,30.6394,87.1510,230.0000,793.9355,29.3935,84.9084,1
05/28/2012 21:24:16,1.4257,1118135.0301,31.7850,89.2130,230.0000,802.7097,30.2710,86.4877,1
05/28/2012 21:24:48,1.3775,1053298.1474,33.4147,92.1464,230.0000,812.9355,31.2935,88.3284,1
05/28/2012 21:25:21,1.3574,1027152.1917,34.1053,93.3895,230.0000,825.5806,32.5581,90.6045,1
05/28/2012 21:25:54,1.3284,990381.8999,35.1121,95.2018,230.0000,829.1935,32.9193,91.2548,1
05/28/2012 21:26:27,1.2833,935441.6682,36.7008,98.0615,230.0000,843.3226,34.3323,93.7981,1
05/28/2012 21:27:00,1.2605,908580.5385,37.5178,99.5320,230.0000,854.8064,35.4806,95.8652,1
05/28/2012 21:27:33,1.2125,853814.3629,39.2746,102.6944,230.0000,867.7419,36.7742,98.1936,1
05/28/2012 21:28:06,1.1780,816016.1907,40.5660,105.0188,230.0000,887.6774,38.7677,101.7819,1
05/28/2012 21:28:38,1.1643,801341.8779,41.0863,105.9554,230.0000,897.6130,39.7613,103.5703,1
05/28/2012 21:29:11,1.1351,770780.2489,42.2068,107.9723,230.0000,918.0323,41.8032,107.2458,1
05/28/2012 21:29:44,1.0972,732190.7695,43.6985,110.6572,230.0000,928.9355,42.8935,109.2084,1
05/28/2012 21:30:17,1.0780,713136.6655,44.4694,112.0449,230.0000,933.9354,43.3935,110.1084,1
05/28/2012 21:30:50,1.0497,685752.7867,45.6207,114.1173,230.0000,947.4194,44.7419,112.5355,1
05/28/2012 21:31:23,1.0159,653815.4200,47.0337,116.6607,230.0000,951.9677,45.1968,113.3542,1
05/28/2012 21:31:56,0.9884,628564.0432,48.2096,118.7773,230.0000,965.5161,46.5516,115.7929,1
05/28/2012 21:32:29,0.9641,606712.7309,49.2729,120.6913,230.0000,968.9677,46.8968,116.4142,1
05/28/2012 21:33:01,0.9365,582422.5126,50.5091,122.9164,230.0000,984.8065,48.4806,119.2652,1
05/28/2012 21:33:34,0.9090,558830.8431,51.7692,125.1846,230.0000,985.4839,48.5484,119.3871,1
05/28/2012 21:34:07,0.8869,540279.9306,52.8050,127.0489,230.0000,1002.8387,50.2839,122.5110,1
05/28/2012 21:34:40,0.8629,520483.1238,53.9575,129.1235,230.0000,1007.2258,50.7226,123.3006,1
05/28/2012 21:35:13,0.8404,502235.7267,55.0666,131.1199,230.0000,1021.0645,52.1065,125.7916,1
05/28/2012 21:35:46,0.8215,487193.9716,56.0172,132.8309,230.0000,1025.9032,52.5903,126.6626,1
05/28/2012 21:36:19,0.7945,466128.0105,57.4084,135.3351,230.0000,1037.0000,53.7000,128.6600,1
05/28/2012 21:36:51,0.7716,448614.4350,58.6227,137.5209,230.0000,1040.2903,54.0290,129.2523,1
05/28/2012 21:37:24,0.7509,433027.0022,59.7516,139.5529,230.0000,1052.2258,55.2226,131.4007,1
05/28/2012 21:37:57,0.7311,418354.5116,60.8590,141.5462,230.0000,1058.1290,55.8129,132.4632,1
05/28/2012 21:38:30,0.7103,403182.9506,62.0535,143.6963,230.0000,1066.3871,56.6387,133.9497,1
05/28/2012 21:39:03,0.6877,387014.0706,63.3865,146.0957,230.0000,1075.5161,57.5516,135.5929,1
05/28/2012 21:39:36,0.6734,376865.2134,64.2574,147.6633,230.0000,1083.0968,58.3097,136.9574,1
05/28/2012 21:40:09,0.6595,367163.2697,65.1163,149.2093,230.0000,1084.6774,58.4677,137.2419,1
05/28/2012 21:40:41,0.6442,356586.0295,66.0838,150.9509,230.0000,1091.5161,59.1516,138.4729,1
05/28/2012 21:41:15,0.6284,345735.1249,67.1125,152.8024,230.0000,1099.7742,59.9774,139.9594,1
05/28/2012 21:41:48,0.6105,333648.5438,68.3043,154.9478,230.0000,1109.9354,60.9935,141.7884,1
05/28/2012 21:42:20,0.5945,322982.1607,69.3995,156.9191,230.0000,1118.0322,61.8032,143.2458,1
05/28/2012 21:42:53,0.5784,312377.8171,70.5318,158.9572,230.0000,1121.6451,62.1645,143.8961,1
05/28/2012 21:43:26,0.5695,306566.2077,71.1718,160.1093,230.0000,1129.6129,62.9613,145.3303,1
05/28/2012 21:43:59,0.5509,294558.8721,72.5412,162.5742,230.0000,1136.7742,63.6774,146.6194,1
05/28/2012 21:44:32,0.5414,288492.4673,73.2585,163.8654,230.0000,1144.5161,64.4516,148.0129,1
05/28/2012 21:45:05,0.5258,278595.9577,74.4682,166.0427,230.0000,1151.9354,65.1935,149.3484,1
05/28/2012 21:45:38,0.5086,267845.6737,75.8416,168.5148,230.0000,1162.1936,66.2194,151.1949,1
05/28/2012 21:46:10,0.5034,264598.3105,76.2694,169.2849,230.0000,1165.1290,66.5129,151.7232,1
05/28/2012 21:46:43,0.4922,257703.0292,77.1989,170.9580,230.0000,1171.9032,67.1903,152.9426,1
05/28/2012 21:47:17,0.4869,254453.8670,77.6472,171.7650,230.0000,1171.2581,67.1258,152.8264,1
05/28/2012 21:47:51,0.4652,241247.4136,79.5424,175.1764,230.0000,1186.8064,68.6806,155.6252,1
05/28/2012 21:48:24,0.4577,236702.8422,80.2234,176.4022,230.0000,1190.0968,69.0097,156.2174,1
05/28/2012 21:48:57,0.4451,229181.9312,81.3855,178.4939,230.0000,1197.4193,69.7419,157.5355,1
05/28/2012 21:49:29,0.4347,223003.0960,82.3748,180.2746,230.0000,1206.2258,70.6226,159.1206,1
05/28/2012 21:50:02,0.4238,216623.0740,83.4312,182.1762,230.0000,1211.6129,71.1613,160.0903,1
05/28/2012 21:50:35,0.4101,208584.1905,84.8167,184.6700,230.0000,1219.1613,71.9161,161.4490,1
05/28/2012 21:51:08,0.4059,206151.9422,85.2485,185.4472,230.0000,1223.8064,72.3806,162.2852,1
05/28/2012 21:51:41,0.3973,201197.1085,86.1473,187.0651,230.0000,1230.4839,73.0484,163.4871,1
05/28/2012 21:52:14,0.3867,195109.1256,87.2886,189.1195,230.0000,1238.2903,73.8290,164.8922,1
05/28/2012 21:52:47,0.3787,190585.9231,88.1646,190.6962,230.0000,1240.3871,74.0387,165.2697,1
05/28/2012 21:53:20,0.3715,186452.0598,88.9872,192.1770,230.0000,1250.3871,75.0387,167.0697,1
05/28/2012 21:53:53,0.3618,180996.3249,90.1070,194.1926,230.0000,1254.0322,75.4032,167.7258,1
05/28/2012 21:54:26,0.3532,176206.8966,91.1239,196.0231,230.0000,1260.0968,76.0097,168.8174,1
05/28/2012 21:54:58,0.3483,173472.2799,91.7196,197.0952,230.0000,1267.8387,76.7839,170.2110,1
05/28/2012 21:55:31,0.3432,170603.5167,92.3567,198.2420,230.0000,1273.0000,77.3000,171.1400,1
05/28/2012 21:56:04,0.3315,164167.5391,93.8340,200.9011,230.0000,1276.8387,77.6839,171.8310,1
05/28/2012 21:56:37,0.3264,161348.8539,94.5030,202.1055,230.0000,1286.3871,78.6387,173.5497,1
05/28/2012 21:57:10,0.3192,157411.9312,95.4614,203.8306,230.0000,1289.0968,78.9097,174.0374,1
05/28/2012 21:57:43,0.3080,151306.0515,97.0063,206.6114,230.0000,1292.0000,79.2000,174.5600,1
05/28/2012 21:58:16,0.3036,148932.2751,97.6273,207.7292,230.0000,1295.7419,79.5742,175.2336,1
05/28/2012 21:58:49,0.2996,146774.0041,98.2024,208.7643,230.0000,1299.2581,79.9258,175.8665,1
05/28/2012 21:59:21,0.2946,144084.2344,98.9334,210.0802,230.0000,1305.2581,80.5258,176.9464,1
05/28/2012 21:59:54,0.2901,141697.0012,99.5962,211.2731,230.0000,1305.7097,80.5710,177.0277,1
05/28/2012 22:00:27,0.2864,139695.7869,100.1622,212.2919,230.0000,1316.4193,81.6419,178.9555,1
05/28/2012 22:01:00,0.2798,136171.3025,101.1832,214.1298,230.0000,1316.1936,81.6194,178.9149,1
05/28/2012 22:01:33,0.2770,134680.1982,101.6248,214.9247,230.0000,1327.5483,82.7548,180.9587,1
05/28/2012 22:02:06,0.2748,133550.8585,101.9632,215.5338,230.0000,1324.2258,82.4226,180.3607,1
05/28/2012 22:02:39,0.2695,130734.4775,102.8224,217.0803,230.0000,1328.8387,82.8839,181.1910,1
05/28/2012 22:03:12,0.2648,128267.6135,103.5935,218.4683,230.0000,1337.3871,83.7387,182.7297,1
05/28/2012 22:03:45,0.2575,124404.0369,104.8379,220.7083,230.0000,1341.2258,84.1226,183.4207,1
05/28/2012 22:04:17,0.2543,122732.2441,105.3909,221.7037,230.0000,1344.1936,84.4194,183.9548,1
05/28/2012 22:04:50,0.2520,121535.4377,105.7924,222.4264,230.0000,1347.4193,84.7419,184.5355,1
05/28/2012 22:05:23,0.2443,117519.9313,107.1753,224.9156,230.0000,1349.9678,84.9968,184.9942,1
05/28/2012 22:05:56,0.2460,118425.4166,106.8585,224.3454,230.0000,1354.6774,85.4677,185.8419,1
05/28/2012 22:06:29,0.2409,115762.1905,107.7987,226.0377,230.0000,1360.3226,86.0323,186.8581,1
05/28/2012 22:07:02,0.2393,114943.2488,108.0931,226.5676,230.0000,1364.3226,86.4323,187.5781,1
05/28/2012 22:07:35,0.2365,113474.6034,108.6275,227.5294,230.0000,1366.0646,86.6065,187.8916,1
05/28/2012 22:08:07,0.2351,112741.3137,108.8974,228.0153,230.0000,1370.0646,87.0065,188.6116,1
05/28/2012 22:08:42,0.2306,110462.4277,109.7500,229.5501,230.0000,1375.3549,87.5355,189.5639,0
05/28/2012 22:09:16,0.2228,106419.8966,111.3162,232.3692,268.0000,1375.1290,87.5129,189.5232,1
05/28/2012 22:09:49,0.2250,107577.5286,110.8605,231.5488,269.0000,1381.6451,88.1645,190.6961,1
05/28/2012 22:10:21,0.2245,107296.2254,110.9707,231.7472,269.0000,1384.2258,88.4226,191.1606,1
05/28/2012 22:10:55,0.2230,106519.0635,111.2770,232.2985,269.0000,1384.5807,88.4581,191.2245,1
05/28/2012 22:11:27,0.2179,103912.0439,112.3245,234.1842,269.0000,1381.8387,88.1839,190.7310,1
05/28/2012 22:12:00,0.2195,104752.6099,111.9833,233.5700,269.0000,1390.5161,89.0516,192.2929,1
05/28/2012 22:12:33,0.2163,103121.7400,112.6484,234.7672,269.0000,1387.2903,88.7290,191.7122,1
05/28/2012 22:13:06,0.2166,103253.4043,112.5943,234.6697,269.0000,1391.3871,89.1387,192.4497,1
05/28/2012 22:13:39,0.2106,100214.3670,113.8663,236.9594,269.0000,1389.9032,88.9903,192.1826,1
05/28/2012 22:14:12,0.2056,97693.5106,114.9575,238.9235,269.0000,1394.8064,89.4806,193.0651,1
05/28/2012 22:14:45,0.2048,97285.0443,115.1375,239.2475,269.0000,1400.3549,90.0355,194.0639,1
05/28/2012 22:15:17,0.2039,96811.4885,115.3474,239.6253,269.0000,1399.1290,89.9129,193.8432,1
05/28/2012 22:15:51,0.1991,94366.6308,116.4510,241.6119,269.0000,1405.5807,90.5581,195.0045,1
05/28/2012 22:16:23,0.1991,94399.1795,116.4361,241.5850,269.0000,1407.2903,90.7290,195.3123,1
05/28/2012 22:16:56,0.1953,92448.6977,117.3414,243.2146,269.0000,1409.3226,90.9323,195.6781,1
05/28/2012 22:17:29,0.1956,92611.0557,117.2652,243.0773,269.0000,1409.3871,90.9387,195.6897,1
05/28/2012 22:18:02,0.1887,89176.3496,118.9137,246.0446,269.0000,1411.3226,91.1323,196.0381,1
05/28/2012 22:18:35,0.1880,88788.4701,119.1046,246.3884,269.0000,1414.0000,91.4000,196.5200,1
05/28/2012 22:19:08,0.1881,88853.1053,119.0727,246.3309,269.0000,1414.8710,91.4871,196.6768,1
05/28/2012 22:19:41,0.1855,87577.5787,119.7075,247.4735,269.0000,1424.0322,92.4032,198.3258,1
05/28/2012 22:20:14,0.1841,86851.9453,120.0737,248.1326,269.0000,1422.5807,92.2581,198.0645,1
05/28/2012 22:20:46,0.1877,88675.3744,119.1605,246.4890,269.0000,1423.5161,92.3516,198.2329,1
05/28/2012 22:21:19,0.1842,86900.2978,120.0491,248.0884,269.0000,1428.0968,92.8097,199.0574,1
05/28/2012 22:21:52,0.1786,84116.7578,121.4880,250.6784,269.0000,1432.8710,93.2871,199.9168,1
05/28/2012 22:22:25,0.1817,85676.2463,120.6749,249.2148,269.0000,1433.8710,93.3871,200.0968,1
05/28/2012 22:22:58,0.1799,84775.5403,121.1423,250.0561,269.0000,1430.8710,93.0871,199.5568,1
05/28/2012 22:23:31,0.1834,86513.5497,120.2457,248.4422,269.0000,1429.0646,92.9065,199.2316,1
05/28/2012 22:24:04,0.1776,83635.0764,121.7429,251.1372,269.0000,1437.3871,93.7387,200.7297,1
05/28/2012 22:24:37,0.1754,82528.3410,122.3353,252.2036,269.0000,1435.6451,93.5645,200.4161,1
05/28/2012 22:25:09,0.1786,84116.7578,121.4880,250.6784,269.0000,1439.0646,93.9065,201.0316,1
05/28/2012 22:25:42,0.1734,81519.2159,122.8840,253.1912,269.0000,1438.2903,93.8290,200.8922,1
05/28/2012 22:26:15,0.1775,83570.8732,121.7770,251.1986,269.0000,1441.2581,94.1258,201.4265,1
05/28/2012 22:26:48,0.1717,80703.2695,123.3337,254.0007,269.0000,1443.5807,94.3581,201.8445,1
05/28/2012 22:27:21,0.1687,79185.6491,124.1851,255.5332,269.0000,1441.7097,94.1710,201.5078,1
05/28/2012 22:27:54,0.1725,81103.1373,123.1126,253.6027,269.0000,1447.4193,94.7419,202.5355,1
05/28/2012 22:28:27,0.1697,79696.5147,123.8963,255.0133,269.0000,1448.0322,94.8032,202.6458,1
05/28/2012 22:29:00,0.1746,82127.7381,122.5521,252.5938,269.0000,1444.4839,94.4484,202.0071,1
05/28/2012 22:29:32,0.1674,78547.5374,124.5490,256.1883,269.0000,1443.6451,94.3645,201.8561,1
05/28/2012 22:30:05,0.1669,78292.4411,124.6955,256.4520,269.0000,1450.0646,95.0065,203.0116,1
05/28/2012 22:30:38,0.1677,78691.0664,124.4669,256.0403,269.0000,1451.4193,95.1419,203.2555,1
05/28/2012 22:31:11,0.1655,77623.2154,125.0826,257.1488,269.0000,1451.0000,95.1000,203.1800,1
05/28/2012 22:31:44,0.1709,80303.6078,123.5560,254.4008,269.0000,1453.8387,95.3839,203.6910,1
05/28/2012 22:32:17,0.1680,78850.5776,124.3757,255.8763,269.0000,1455.0646,95.5065,203.9116,1
05/28/2012 22:32:50,0.1621,75920.8876,126.0860,258.9548,269.0000,1455.7742,95.5774,204.0394,1
05/28/2012 22:33:23,0.1634,76572.7386,125.6986,258.2574,269.0000,1455.2581,95.5258,203.9464,1
05/28/2012 22:33:55,0.1641,76906.8251,125.5016,257.9029,269.0000,1455.8064,95.5806,204.0452,1
05/28/2012 22:34:28,0.1659,77798.4285,124.9809,256.9656,269.0000,1455.1936,95.5194,203.9349,1
05/28/2012 22:35:01,0.1605,75126.6903,126.5635,259.8143,269.0000,1458.9354,95.8935,204.6084,1
05/28/2012 22:35:34,0.1634,76588.6416,125.6892,258.2405,269.0000,1460.2581,96.0258,204.8465,1
05/28/2012 22:36:07,0.1606,75190.1914,126.5251,259.7452,269.0000,1456.0322,95.6032,204.0858,1
05/28/2012 22:36:40,0.1607,75237.8283,126.4963,259.6934,269.0000,1466.7419,96.6742,206.0135,1
05/28/2012 22:37:13,0.1635,76604.5449,125.6798,258.2236,269.0000,1461.5483,96.1548,205.0787,1
05/28/2012 22:37:46,0.1608,75301.3386,126.4580,259.6244,269.0000,1460.9354,96.0935,204.9684,1
05/28/2012 22:38:18,0.1613,75539.5683,126.3145,259.3661,269.0000,1464.1613,96.4161,205.5490,1
05/28/2012 22:38:51,0.1625,76127.5082,125.9628,258.7330,269.0000,1464.6451,96.4645,205.6361,1
05/28/2012 22:39:24,0.1575,73683.3436,127.4473,261.4052,269.0000,1465.2581,96.5258,205.7464,1
05/28/2012 22:39:57,0.1619,75857.3203,126.1240,259.0232,269.0000,1465.4193,96.5419,205.7755,1
05/28/2012 22:40:30,0.1602,74999.6915,126.6404,259.9528,269.0000,1459.1613,95.9161,204.6490,1
05/28/2012 22:41:03,0.1611,75428.3869,126.3814,259.4865,269.0000,1465.0322,96.5032,205.7058,1
05/28/2012 22:41:36,0.1609,75333.0987,126.4388,259.5899,269.0000,1464.3549,96.4355,205.5839,1
05/28/2012 22:42:09,0.1579,73889.3665,127.3199,261.1758,269.0000,1467.1936,96.7194,206.0948,1
05/28/2012 22:42:42,0.1580,73936.9232,127.2905,261.1230,269.0000,1478.0646,97.8065,208.0516,1
05/28/2012 22:43:14,0.1528,71357.4689,128.9170,264.0505,269.0000,1480.5483,98.0548,208.4987,1
05/28/2012 22:43:47,0.1510,70473.2625,129.4911,265.0839,300.0000,1486.2903,98.6290,209.5323,1
05/28/2012 22:44:20,0.1543,72100.3546,128.4413,263.1943,300.0000,1485.0322,98.5032,209.3058,1
05/28/2012 22:44:53,0.1494,69684.6512,130.0106,266.0191,300.0000,1494.4839,99.4484,211.0071,1
05/28/2012 22:45:26,0.1497,69873.8426,129.8853,265.7935,300.0000,1497.1613,99.7161,211.4890,1
05/28/2012 22:45:59,0.1524,71152.1150,129.0495,264.2891,300.0000,1508.4193,100.8419,213.5155,1
05/28/2012 22:46:32,0.1465,68267.1873,130.9627,267.7328,300.0000,1508.1290,100.8129,213.4632,1
05/28/2012 22:47:05,0.1505,70220.8192,129.6566,265.3819,300.0000,1512.7742,101.2774,214.2994,1
05/28/2012 22:47:37,0.1477,68865.3508,130.5580,267.0044,300.0000,1515.7097,101.5710,214.8277,1
05/28/2012 22:48:10,0.1457,67905.3590,131.2096,268.1773,300.0000,1511.7742,101.1774,214.1193,1
05/28/2012 22:48:45,0.1385,64390.4012,133.6953,272.6515,300.0000,1518.4193,101.8419,215.3155,0
05/28/2012 22:49:18,0.1376,63983.4517,133.9938,273.1888,300.0000,1518.1290,101.8129,215.2632,0
05/28/2012 22:49:51,0.1462,68157.0497,131.0377,267.8678,300.0000,1512.7419,101.2742,214.2935,0
05/28/2012 22:50:24,0.1451,67606.5922,131.4147,268.5465,300.0000,1511.2903,101.1290,214.0323,0
05/28/2012 22:50:57,0.1507,70331.2526,129.5841,265.2514,300.0000,1506.2258,100.6226,213.1207,0
05/28/2012 22:51:30,0.1478,68928.3443,130.5156,266.9281,300.0000,1503.0000,100.3000,212.5400,0
05/28/2012 22:52:03,0.1509,70425.9249,129.5221,265.1397,300.0000,1497.5161,99.7516,211.5529,0
05/28/2012 22:52:35,0.1585,74190.5862,127.1343,260.8418,300.0000,1491.0968,99.1097,210.3974,0
05/28/2012 22:53:08,0.1538,71878.9901,128.5824,263.4483,300.0000,1488.5483,98.8548,209.9387,0
05/28/2012 22:53:41,0.1589,74349.1656,127.0370,260.6666,300.0000,1487.4839,98.7484,209.7471,0
05/28/2012 22:54:14,0.1592,74523.6442,126.9302,260.4744,300.0000,1488.0000,98.8000,209.8400,0
05/28/2012 22:54:47,0.1615,75650.7658,126.2477,259.2459,300.0000,1484.7097,98.4710,209.2477,0
05/28/2012 22:55:20,0.1593,74555.3724,126.9109,260.4395,300.0000,1481.6129,98.1613,208.6903,0
05/28/2012 22:55:53,0.1654,77575.4313,125.1104,257.1988,300.0000,1475.4517,97.5452,207.5813,0
05/28/2012 22:56:26,0.1656,77670.9963,125.0549,257.0988,300.0000,1475.4839,97.5484,207.5871,0
05/28/2012 22:56:58,0.1671,78404.0350,124.6314,256.3365,300.0000,1467.6451,96.7645,206.1761,0
05/28/2012 22:57:31,0.1673,78499.7024,124.5765,256.2376,300.0000,1472.4517,97.2452,207.0413,0
05/28/2012 22:58:04,0.1692,79441.0398,124.0404,255.2728,300.0000,1465.7742,96.5774,205.8394,0
05/28/2012 22:58:37,0.1669,78308.3856,124.6864,256.4355,300.0000,1464.3549,96.4355,205.5839,0
05/28/2012 22:59:10,0.1689,79281.4069,124.1308,255.4354,300.0000,1464.0322,96.4032,205.5258,0
05/28/2012 22:59:43,0.1729,81295.1453,123.0069,253.4125,300.0000,1458.5161,95.8516,204.5329,0
05/28/2012 23:00:16,0.1743,81967.5512,122.6392,252.7505,300.0000,1457.9678,95.7968,204.4342,0
05/28/2012 23:00:49,0.1729,81295.1453,123.0069,253.4125,300.0000,1458.0322,95.8032,204.4458,0
05/28/2012 23:01:21,0.1736,81631.2754,122.8226,253.0808,300.0000,1455.9678,95.5968,204.0742,0
05/28/2012 23:01:54,0.1755,82544.3667,122.3267,252.1880,300.0000,1452.6451,95.2645,203.4761,0
05/28/2012 23:02:27,0.1765,83041.4140,122.0595,251.7070,300.0000,1448.5161,94.8516,202.7329,0
05/28/2012 23:03:00,0.1805,85048.8612,120.9998,249.7997,300.0000,1448.2581,94.8258,202.6864,0
05/28/2012 23:03:33,0.1788,84229.1929,121.4288,250.5718,300.0000,1445.3871,94.5387,202.1697,0
05/28/2012 23:04:06,0.1819,85772.8144,120.6251,249.1252,300.0000,1442.4517,94.2452,201.6413,0
05/28/2012 23:04:39,0.1851,87335.6237,119.8292,247.6925,300.0000,1435.4839,93.5484,200.3871,0
05/28/2012 23:05:12,0.1886,89127.8556,118.9375,246.0874,300.0000,1425.6129,92.5613,198.6103,0
05/28/2012 23:05:44,0.1977,93683.4404,116.7657,242.1782,300.0000,1418.5161,91.8516,197.3329,0
05/28/2012 23:06:17,0.2015,95604.4079,115.8880,240.5984,300.0000,1411.1290,91.1129,196.0032,0
05/28/2012 23:06:50,0.2035,96631.9383,115.4273,239.7691,300.0000,1404.2581,90.4258,194.7664,0
05/28/2012 23:07:23,0.2095,99640.7363,114.1117,237.4010,300.0000,1395.9032,89.5903,193.2626,0
05/28/2012 23:07:56,0.2135,101674.9237,113.2492,235.8486,300.0000,1392.9354,89.2935,192.7284,0
05/28/2012 23:08:29,0.2190,104505.2899,112.0834,233.7501,300.0000,1323.2258,82.3226,180.1806,0
05/28/2012 23:09:02,0.2224,106205.1008,111.4015,232.5226,300.0000,1340.9032,84.0903,183.3626,0
05/28/2012 23:09:35,0.2291,109648.9494,110.0596,230.1072,300.0000,1355.2903,85.5290,185.9523,0
05/28/2012 23:10:08,0.2322,111243.4959,109.4554,229.0198,300.0000,1355.9032,85.5903,186.0626,0
05/28/2012 23:10:40,0.2381,114325.4172,108.3169,226.9704,300.0000,1354.8710,85.4871,185.8768,0
05/28/2012 23:11:13,0.2440,117369.1089,107.2284,225.0110,300.0000,1347.2903,84.7290,184.5123,0
05/28/2012 23:11:47,0.2435,117101.0695,107.3228,225.1811,300.0000,1350.9032,85.0903,185.1626,0
05/28/2012 23:12:21,0.2531,122108.3263,105.5997,222.0794,300.0000,1337.9678,83.7968,182.8342,0
05/28/2012 23:12:54,0.2567,123981.5349,104.9768,220.9583,300.0000,1329.0968,82.9097,181.2374,0
05/28/2012 23:13:27,0.2629,127232.1022,103.9226,219.0606,300.0000,1323.8064,82.3806,180.2852,0
05/29/2012 00:04:47,0.6450,357140.8586,66.0322,150.8580,300.0000,1057.0968,55.7097,132.2774,0
